SN.node[0].xCoor = 11.3818709478
SN.node[0].yCoor = 5.13927268465
SN.node[0].zCoor = 2
SN.node[1].xCoor = 35.8737032884
SN.node[1].yCoor = 29.6311050253
SN.node[1].zCoor = 2
SN.node[2].xCoor = -13.1099613928
SN.node[2].yCoor = 29.6311050253
SN.node[2].zCoor = 2
SN.node[3].xCoor = 35.8737032884
SN.node[3].yCoor = -19.352559656
SN.node[3].zCoor = 2
SN.node[4].xCoor = -13.1099613928
SN.node[4].yCoor = -19.352559656
SN.node[4].zCoor = 2
