SN.node[0].xCoor = -10.7643033444
SN.node[0].yCoor = -0.452624278801
SN.node[0].zCoor = 2
SN.node[1].xCoor = 13.7275289963
SN.node[1].yCoor = 24.0392080618
SN.node[1].zCoor = 2
SN.node[2].xCoor = -35.256135685
SN.node[2].yCoor = 24.0392080618
SN.node[2].zCoor = 2
SN.node[3].xCoor = 13.7275289963
SN.node[3].yCoor = -24.9444566194
SN.node[3].zCoor = 2
SN.node[4].xCoor = -35.256135685
SN.node[4].yCoor = -24.9444566194
SN.node[4].zCoor = 2
