SN.node[0].xCoor = 0
SN.node[0].yCoor = 0
SN.node[0].zCoor = 2
SN.node[1].xCoor = -17.3461776593
SN.node[1].yCoor = 14.2193930499
SN.node[1].zCoor = 2
SN.node[2].xCoor = -22.8011320163
SN.node[2].yCoor = -5.72708988503
SN.node[2].zCoor = 2
SN.node[3].xCoor = -24.2116581838
SN.node[3].yCoor = 22.1862095345
SN.node[3].zCoor = 2
SN.node[4].xCoor = -22.8486420746
SN.node[4].yCoor = -21.8548726438
SN.node[4].zCoor = 2
SN.node[5].xCoor = -23.1954851613
SN.node[5].yCoor = 47.2953774404
SN.node[5].zCoor = 2
SN.node[6].xCoor = -45.6777476394
SN.node[6].yCoor = -20.5043966859
SN.node[6].zCoor = 2
SN.node[7].xCoor = 19.8662358427
SN.node[7].yCoor = 18.1829973253
SN.node[7].zCoor = 2
SN.node[8].xCoor = -25.1511211127
SN.node[8].yCoor = -14.3695869801
SN.node[8].zCoor = 2
SN.node[9].xCoor = -3.79635147685
SN.node[9].yCoor = 30.5114943297
SN.node[9].zCoor = 2
SN.node[10].xCoor = -46.7719733867
SN.node[10].yCoor = -18.7120169419
SN.node[10].zCoor = 2
SN.node[11].xCoor = -26.6052414361
SN.node[11].yCoor = -3.07014188871
SN.node[11].zCoor = 2
SN.node[12].xCoor = -43.4445358641
SN.node[12].yCoor = -7.01959435637
SN.node[12].zCoor = 2
SN.node[13].xCoor = 1.56646687967
SN.node[13].yCoor = -23.4041129102
SN.node[13].zCoor = 2
SN.node[14].xCoor = -49.5752869376
SN.node[14].yCoor = 17.4627098348
SN.node[14].zCoor = 2
SN.node[15].xCoor = 9.23594954098
SN.node[15].yCoor = -12.97694011
SN.node[15].zCoor = 2
SN.node[16].xCoor = 12.6179854464
SN.node[16].yCoor = -43.9000007295
SN.node[16].zCoor = 2
SN.node[17].xCoor = -42.4318608888
SN.node[17].yCoor = 5.89972815805
SN.node[17].zCoor = 2
SN.node[18].xCoor = -22.6231968547
SN.node[18].yCoor = 15.1795842017
SN.node[18].zCoor = 2
SN.node[19].xCoor = -42.2462974997
SN.node[19].yCoor = -36.5219260425
SN.node[19].zCoor = 2
SN.node[20].xCoor = -33.1223048799
SN.node[20].yCoor = -27.8792025901
SN.node[20].zCoor = 2
SN.node[21].xCoor = 1.46826687747
SN.node[21].yCoor = -29.1331694702
SN.node[21].zCoor = 2
SN.node[22].xCoor = -51.8275263406
SN.node[22].yCoor = 22.7689486774
SN.node[22].zCoor = 2
SN.node[23].xCoor = -7.67798669529
SN.node[23].yCoor = 15.1599952393
SN.node[23].zCoor = 2
SN.node[24].xCoor = -37.1346794741
SN.node[24].yCoor = -42.1540536586
SN.node[24].zCoor = 2
SN.node[25].xCoor = -20.705828803
SN.node[25].yCoor = -13.1691252927
SN.node[25].zCoor = 2
SN.node[26].xCoor = 2.01284976743
SN.node[26].yCoor = 7.6767254774
SN.node[26].zCoor = 2
*
SN.node[0].Communication.Radio.TxOutputPower = "15dBm"
SN.node[1].Communication.Radio.TxOutputPower = "10dBm"
SN.node[2].Communication.Radio.TxOutputPower = "10dBm"
SN.node[3].Communication.Radio.TxOutputPower = "10dBm"
SN.node[4].Communication.Radio.TxOutputPower = "10dBm"
SN.node[5].Communication.Radio.TxOutputPower = "5dBm"
SN.node[6].Communication.Radio.TxOutputPower = "5dBm"
SN.node[7].Communication.Radio.TxOutputPower = "10dBm"
SN.node[8].Communication.Radio.TxOutputPower = "-3dBm"
SN.node[9].Communication.Radio.TxOutputPower = "5dBm"
SN.node[10].Communication.Radio.TxOutputPower = "5dBm"
SN.node[11].Communication.Radio.TxOutputPower = "-7dBm"
SN.node[12].Communication.Radio.TxOutputPower = "5dBm"
SN.node[13].Communication.Radio.TxOutputPower = "5dBm"
SN.node[14].Communication.Radio.TxOutputPower = "5dBm"
SN.node[15].Communication.Radio.TxOutputPower = "10dBm"
SN.node[16].Communication.Radio.TxOutputPower = "10dBm"
SN.node[17].Communication.Radio.TxOutputPower = "5dBm"
SN.node[18].Communication.Radio.TxOutputPower = "-7dBm"
SN.node[19].Communication.Radio.TxOutputPower = "5dBm"
SN.node[20].Communication.Radio.TxOutputPower = "-1dBm"
SN.node[21].Communication.Radio.TxOutputPower = "5dBm"
SN.node[22].Communication.Radio.TxOutputPower = "5dBm"
SN.node[23].Communication.Radio.TxOutputPower = "-3dBm"
SN.node[24].Communication.Radio.TxOutputPower = "5dBm"
SN.node[25].Communication.Radio.TxOutputPower = "-3dBm"
SN.node[26].Communication.Radio.TxOutputPower = "5dBm"
*
